# guess=only

----------------------------- sigma only model 

0 1
6
6  1   1.3940228289737582
6  2   1.39402   1   119.99993286801109
6  3   1.3940228289737582   2   119.99993286801109   1   0.0
6  4   1.3940228289737582   3   120.00013426411408   2   0.0
6  5   1.39402   4   119.99993286801109   3   0.0
1  6   1.0855664628662771   5   119.99980306330866   4   180.0
1  5   1.0855664628662771   4   120.00026406924972   3   180.0
1  4   1.08557   3   119.99993286801109   2   180.0
1  3   1.0855664628662771   2   119.99980306330866   1   180.0
1  2   1.0855664628662771   1   120.00026406924972   3   180.0
1  1   1.08557   2   119.99993286801109   3   180.0
0  1   1.39402   2   60.000067131988914   3   0.0
0  1   1.7156024482379362   2   66.0288696566139   3   39.63575680786435
1  1  1.00  13  95.0  14  0.0
1  3  1.00  13  95.0  14  0.0
1  5  1.00  13  95.0  14  0.0
1  2  1.00  13  95.0  14  0.0
1  4  1.00  13  95.0  14  0.0
1  6  1.00  13  95.0  14  0.0

