# guess=only

----------------------------------------- sigma only model 

0 1
6
6  1   1.4451143833264548
6  2   1.514572   1   118.5885535698736
6  3   1.4451143833264548   2   118.5885535698736   1   0.0
6  4   1.3515550969938297   3   119.32653106401546   2   0.0
6  5   1.461768   4   122.08491536031316   3   0.0
1  6   1.0852558004673367   5   117.89094731539808   4   180.0
1  5   1.0852558004673367   4   120.02413732100433   3   180.0
1  4   1.0850710423718808   3   119.48915798021609   2   180.0
6  3   1.3485753209494826   2   109.47428015249048   1   180.0
6  10   1.506941223763223   3   107.31150686798327   2   0.0
8  11   1.209844   10   126.78578701837318   3   180.0
6  11   1.506941223763223   10   106.42842595694599   3   0.0
1  13   1.0808522329018893   11   123.60822448682302   10   180.0
1  10   1.0808522329018893   3   129.08026864356052   2   180.0
1  1   1.0850710423718808   2   119.48915798021609   3   180.0
0  1   1.449384616836094   2   59.779869348507866   3   0.0
0  1   1.7608849387512833   2   65.52565841830831   3   38.60597732040721
0  1   2.6444465055791615   2   4.632042901376151   3   0.0
0  1   2.8272066286123905   2   21.20350950301289   3   77.94522921128961
0  1   1.9259233798323856   2   20.198058374901947   3   0.0
0  1   2.170064714469363   2   33.600229259448156   3   56.377817135372005
1  2  1.00  21  95.0  22  0.0
1  3  1.00  21  95.0  22  0.0
1  1  1.00  17  95.0  18  0.0
1  4  1.00  17  95.0  18  0.0
1  5  1.00  17  95.0  18  0.0
1  6  1.00  17  95.0  18  0.0
1  10  1.00  19  95.0  20  0.0
1  11  1.00  19  95.0  20  0.0
1  13  1.00  19  95.0  20  0.0
1  12  0.96  19  95.0  20  0.0

