# guess=only

Compund 12 from Renana's XY Paper sigma only model 

0 1
6
6  1   1.3910461346554974
6  2   1.3909886661349906   1   119.92730601728408
1  3   1.0853520243243664   2   119.73840898446711   1   180.0
6  3   1.4149163267872062   2   121.06597392417548   1   0.0
6  5   1.4200099913680182   3   118.97192937046923   2   0.0
6  6   1.4199949546618116   5   119.99912579249542   3   0.0
6  7   1.4149096739686249   6   118.9632456488574   5   180.0
6  8   1.3910573389235252   7   121.07094611069903   6   0.0
6  9   1.390972201597142   8   119.93474658332218   7   0.0
6  10   1.4148782962096065   9   121.06768342093267   8   0.0
6  11   1.4148199137134025   10   122.06261282174479   9   180.0
6  12   1.3910166261856827   11   121.05853882556151   10   180.0
6  13   1.3911121276043856   12   119.93488507668047   11   0.0
1  14   1.0853401395346067   13   119.73127819969578   12   180.0
1  13   1.0832806979416743   12   120.04180706466954   11   180.0
1  12   1.0852840933405414   11   119.17420895119899   10   0.0
1  10   1.0853031003364917   9   119.72614397848326   8   180.0
1  9   1.0832865219737573   8   120.03505194078257   7   180.0
1  8   1.085317145695211   7   119.19423756666122   6   180.0
1  2   1.0832545399863318   1   120.04067348009957   3   180.0
1  1   1.0853270256729075   2   119.72706557213289   3   180.0
0  1   1.3977052135085566   2   60.54761730524091   3   0.0
0  1   1.7185982264243729   2   66.42864388073798   3   39.40802635072713
0  1   3.731605537636957   2   79.41499025658632   3   0.0
0  1   3.8632732091482738   2   79.77969403893348   3   15.249409679015073
0  1   2.8324149726115397   2   120.46796106397413   3   0.0
0  1   3.003760073153984   2   118.56348255428969   3   22.27492357437922
0  1   2.4422226754479337   2   90.49595147637126   3   0.0
0  1   2.639024743436875   2   90.458965674192   3   22.26804039684958
1  11  1.00  27  90.0  28  0.0
1  5  1.00  27  90.0  28  0.0
1  6  1.00  27  90.0  28  0.0
1  7  1.00  27  90.0  28  0.0
1  1  1.00  23  95.0  24  0.0
1  2  1.00  23  95.0  24  0.0
1  3  1.00  23  95.0  24  0.0
1  12  1.00  25  95.0  26  0.0
1  13  1.00  25  95.0  26  0.0
1  14  1.00  25  95.0  26  0.0
1  8  1.00  27  95.0  28  0.0
1  9  1.00  27  95.0  28  0.0
1  10  1.00  27  95.0  28  0.0

